mit early exit | Render target: 1920 x 1017
- | 16 | 32 | 48 | 64
1 | 47 | 29 | 21 | 10
2 | 43 | 26 | 19 | 10
3 | 41 | 23 | 14 | 6
4 | 39 | 23 | 13 | 6

ohne early exit | Render target: 1920 x 1017
- | 16 | 32 | 48 | 64
1 | 43 | 26 | 19 | 8
2 | 39 | 23 | 18 | 8
3 | 37 | 21 | 13 | 6
4 | 34 | 21 | 12 | 6

mit early exit | Render target: 800 x 600
- |  16 | 32 | 48 | 64
1 | 121 | 72 | 55 | 30
2 | 110 | 65 | 50 | 30
3 | 105 | 56 | 39 | 23
4 |  98 | 55 | 36 | 20

ohne early exit | Render target: 800 x 600
- |  16 | 32 | 48 | 64
1 | 112 | 64 | 50 | 26
2 | 102 | 57 | 45 | 26
3 |  94 | 50 | 34 | 20
4 |  88 | 50 | 32 | 18
